1000
2214 3598
2438 4760
6401 146
4190 4520
9476 3764
3574 1047
8700 9508
6195 350
4429 9741
5275 4590
7111 9453
9826 5334
5080 7090
9556 8042
8786 6244
171 4636
4151 6906
7929 3423
7014 6942
9418 7944
7669 9693
1785 9104
479 184
7863 4521
7958 4240
3624 410
414 5321
4162 7306
696 1984
9113 2985
8564 8901
3383 3262
2953 1213
2265 9231
9721 2484
6649 473
1600 9767
6070 38
3190 3895
4210 4806
2662 1307
3774 2321
9752 8005
6173 5495
7287 9466
4290 2088
6827 7619
6466 4081
207 6302
1085 7754
9178 7580
8636 4580
428 9612
6119 4144
6083 8060
9223 4862
9160 7860
9650 7941
2575 7320
9951 662
8455 8667
3391 9848
4035 8386
9604 2778
9661 1751
8246 2995
6017 3712
7432 5937
3519 5408
9979 816
7126 8192
1576 734
2008 8656
4732 1765
190 7081
6989 3995
8675 4677
4052 9624
5084 8260
1635 2157
3255 6260
1117 8694
8682 786
1163 8555
3094 2801
4502 1656
5958 792
6833 8137
6414 8879
3298 2414
6176 7141
7144 6805
5890 6306
7777 5603
7839 1591
9702 1857
2866 2898
1798 3560
956 2707
1631 6387
5267 8327
4870 8428
3193 1617
8135 6575
2251 3188
9347 6534
6718 3935
5263 762
2380 3568
4593 2307
5204 311
5538 9728
7559 8043
8510 8561
9141 9884
9657 7057
213 4329
2274 995
7285 6413
8744 1509
9459 8845
7872 3669
8211 6216
73 4809
6241 549
7995 1870
4036 7948
8242 2875
5606 8453
3489 718
8443 7821
3 1702
991 7625
3518 6215
2774 9905
6699 6448
7348 8439
5503 4583
9557 593
4341 520
7972 7262
6732 556
7826 2974
8269 5621
421 1866
2026 4091
2926 7100
5736 4891
5865 3225
9555 2814
1877 3933
7321 4547
8835 8499
3823 3004
5482 2272
1532 969
5499 290
1534 7004
4815 1185
9655 3597
6326 8622
7629 299
9574 3055
3179 1826
9510 6798
6735 1573
344 7654
8597 8429
1107 3442
3579 9632
3893 6733
273 4727
6374 5001
642 2676
2813 5879
5689 843
6756 2873
4651 4645
9102 9760
7379 8267
5328 4842
3554 3728
919 8699
5254 2384
9864 1398
4377 5318
377 8736
6075 7072
8054 2710
447 5289
7914 5161
9095 6148
6901 7761
932 3194
7666 6483
1794 4472
3357 6917
6821 91
8592 6198
2112 159
9787 2461
6507 6368
5045 9045
8719 8723
8217 4031
844 3169
6565 189
4507 8237
6552 1325
1449 5975
6990 3058
4750 702
245 1196
1303 5861
5251 6318
4080 2059
2572 2753
8664 2618
5323 9031
1919 6402
8384 3850
2228 2202
3525 7299
1436 1675
3482 618
1696 11
882 3722
2222 9613
7798 2463
4074 8261
3030 259
921 8108
4467 6616
4614 8298
627 9531
6879 6784
2483 4570
3009 4992
6502 5597
5536 8112
5435 3973
9999 3481
8183 1401
3736 5473
2598 8668
5745 8972
5421 9100
7551 2967
150 860
7568 7647
5951 1990
2252 4488
2742 5644
232 2104
4709 8626
2205 780
8964 2051
3222 6644
4154 9660
7305 3422
9762 3858
2897 2851
376 8122
7473 6056
3393 5154
4755 9867
1190 3671
5713 8673
5800 5157
1313 4689
3952 7440
1665 3115
7197 1323
8461 6903
4847 5198
2457 3831
4273 1081
4246 1381
5148 3927
3706 332
6243 348
7132 3625
3663 1076
7195 6521
1807 7023
5720 3972
4786 5074
137 3053
3295 6848
3370 8887
7801 6629
5392 7489
680 8538
2944 652
7301 7243
1523 5765
9719 1498
5872 3443
4437 866
1968 4232
8468 4735
6324 6032
9784 9440
5456 5162
6223 5349
1558 4484
2038 2036
6807 3105
9575 7310
3766 6199
4658 8521
3684 44
8354 1599
7876 2149
2280 1703
9909 8610
2212 6417
5767 5180
4867 973
3364 1827
2389 4086
2616 9961
9568 2117
5149 3679
5431 4993
7855 8690
7575 5487
7593 3690
6965 2421
8881 1875
863 4127
1259 4929
4963 6352
6111 4480
3512 1673
4470 5404
5402 1290
9595 6992
7087 4060
5129 9171
4033 5343
6642 8635
8120 7714
2741 8621
5844 4738
3292 8032
9227 5407
1843 2981
4890 4776
4626 5393
5588 129
5093 3797
8743 918
3088 5964
4391 1888
8948 5098
968 4042
2500 4412
2336 2275
4900 2790
5068 7066
6064 2505
3533 1986
5646 8554
3245 3657
5167 7833
1830 7704
4594 5513
3709 8212
2146 3026
8150 9235
7645 810
8339 9563
1531 7919
7776 5760
5076 5688
4361 2829
4509 3284
8726 7632
1725 834
7749 5502
4394 5817
1210 4876
1126 9343
4264 8002
2418 4518
4948 9596
6526 5737
7677 6353
5075 1
3833 8811
8068 1740
472 58
3140 3653
5916 3374
1491 5156
4451 7518
9821 6868
4008 6341
398 8679
867 6622
2397 6054
1941 6872
5359 9368
2893 8584
337 2915
4804 2494
4930 1215
9723 1974
264 885
2129 5999
9677 4884
2528 5992
8900 7751
7825 7534
6671 2748
3699 9844
5466 8737
6585 3673
2644 8328
8253 3010
5219 5859
6046 9229
3528 2282
8433 2531
4722 6919
931 9740
7191 6660
400 6288
9272 9366
5788 4515
7979 6604
5640 6171
1708 5226
5948 466
9111 3517
2244 1553
1664 3682
8238 2399
8552 3879
1377 2333
1601 2270
5880 1465
4078 6511
8571 8398
6531 6844
123 6433
9768 4336
7849 7959
486 5730
6538 641
1920 5915
6092 9146
7703 3286
1927 3309
7068 5411
1279 4882
3108 6586
8517 2623
3978 1879
6343 878
764 8405
4390 6728
9540 5071
6973 5563
8614 1071
3700 3487
1729 2170
4266 6974
5459 3594
7823 9587
9995 904
756 8379
6707 1685
2654 2761
9472 6681
4911 6074
8162 3839
7832 7874
4503 6824
8184 3536
1727 5389
765 4145
4194 782
4706 2542
3852 8427
1871 9161
1976 1212
8866 9545
9849 1454
6809 3207
1206 1305
4661 104
4838 8400
7752 9984
1808 9243
1088 2194
9205 247
6528 3017
1153 5933
15 6307
8123 1431
244 4225
2951 9543
6250 6367
1200 9785
1632 3170
2622 5747
1551 4148
5264 9929
2089 2198
1394 7091
2548 4969
7628 3288
3133 1582
4873 7605
8693 5395
3711 7059
8086 1006
768 2587
7185 1361
2219 7577
4551 1358
8735 5035
6211 4849
261 4537
9594 8014
8899 9182
6714 5641
1934 3270
5028 8489
4485 5003
3772 2780
335 1134
2489 5784
9971 3849
5645 9200
9209 4453
9493 1706
5663 4924
9629 7558
1853 966
883 7873
323 1716
3606 872
8203 393
6715 5994
8232 4186
3209 4797
8087 7695
4950 2098
8094 6517
3680 6690
6654 6007
4643 8416
288 2235
9065 1609
2691 4612
8286 2966
4781 4839
3967 2317
1657 4790
147 4499
6335 5305
4759 8463
7639 1420
8158 3727
6453 8652
5542 3532
8341 4238
5390 9991
4416 6679
8777 3898
3987 139
1438 9715
2118 6045
6640 8417
3521 1864
2728 541
7543 270
8244 4119
365 3702
512 7550
8501 8001
4857 5243
8913 9851
7648 2362
5681 5015
2057 1481
3141 1623
7427 8915
5432 1328
9601 839
163 6650
8774 8257
982 3147
7544 9495
2225 5611
2181 3819
60 4277
6398 2549
24 2431
6915 5376
5790 7717
4961 1488
2950 7891
9109 4093
4220 1198
3830 1992
8663 6520
796 7386
3359 4501
6683 1967
5094 7649
7065 2319
1734 5059
4402 7898
6057 8939
4762 3982
7377 1613
646 4079
5195 6126
368 2738
4233 874
7783 14
9189 8987
2045 6152
3923 1628
2810 6186
2358 8839
1714 4331
7346 3143
6882 8613
6977 1686
7053 5761
3745 6077
2011 2216
3613 7739
2660 5403
1128 3363
2180 6883
2832 1795
5480 3221
446 3257
6399 8066
19 3851
8649 2148
8576 665
9839 5504
8540 2449
8791 6607
4300 5126
9755 7064
1854 5794
8888 4125
8648 4106
8704 2332
6698 4793
1770 5444
9350 8196
4259 4897
1896 9926
8985 6720
8618 6259
4445 1010
2970 9142
5064 7546
6877 3397
2787 7802
183 3498
886 3379
468 5907
54 7151
7740 2665
4178 3071
8310 4360
3446 1915
9215 5228
1294 2999
2143 9845
9636 6426
2781 9300
3301 5303
9026 4434
7596 2525
9962 8147
9573 4171
5735 5232
644 9635
3097 2993
1590 1098
4905 6688
5462 4367
9610 3313
4349 5441
2150 5838
6676 4663
862 8129
9892 689
5160 7967
9880 5014
6932 2562
6998 6793
7698 9519
9608 8056
3081 1238
8745 1917
4888 6651
7458 1822
4061 8466
8583 5596
7040 1103
9570 3360
7513 4192
899 9599
5694 6391
1769 8221
3666 4268
2949 5549
9921 9383
2131 1227
227 7635
3762 5509
138 3974
6561 2695
9828 3161
4523 971
6829 5422
3638 3223
7530 2046
7725 4320
9513 9985
9983 7921
7225 1540
4105 5518
173 6408
4161 7433
1337 7895
4887 4000
4062 4875
5448 5317
7192 3474
2355 224
4716 286
5519 7261
5222 808
3327 7912
6878 506
2347 8326
3369 9836
2075 4323
390 9819
8248 3581
9817 8278
1275 9134
5201 8195
1862 5875
8198 3969
1045 2390
4090 7095
1395 6941
9757 5895
2031 6993
2076 1651
7278 2173
7400 2982
491 3733
2972 4243
7198 6253
710 9125
6322 4292
9498 3808
6254 4229
9469 6125
2614 7753
6541 9581
8752 628
4142 4602
9365 8485
3888 9033
8049 3024
2093 405
1046 9261
7478 590
7365 4576
519 7926
965 3342
4400 484
1339 2783
3083 4852
678 5814
8681 826
8721 9698
5127 7984
8180 8533
5214 7228
1333 1561
7764 7481
8615 6190
228 914
8861 3285
9286 4771
5415 36
6787 8223
9699 5470
5496 5608
5186 920
6775 604
9358 9928
2055 5016
8660 694
8411 6559
8657 7271
5217 1100
7174 9898
3817 5626
6788 3934
1643 649
7206 9889
6093 9295
6159 5489
9123 8199
1430 9948
9336 9777
7076 1953
8591 750
6674 3674
5965 1067
1858 2158
3390 1084
3441 6073
8368 4623
7133 4629
6884 8136
797 7077
2661 5119
66 4333
8228 3890
3385 3619
7035 4150
9248 7591
5799 2258
4669 3513
7868 3983
6277 9976
8507 2507
6689 8703
99 3807
226 2154
831 9290
396 9332
1309 8594
6828 2608
5711 9009
9920 6026
5957 8596
7976 5465
4918 9148
9484 8824
6896 6752
6094 5440
5484 6729
9899 6040
640 3080
9502 8437
2552 3353
3185 6037
3903 3362
5287 4245
3741 211
2187 1705
7010 8214
1755 7769
5674 1385
3186 1232
57 1382
4124 517
7791 3640
7741 4674
8106 1739
1459 236
3052 3263
1718 3173
1494 624
61 7837
7251 6127
941 4893
191 4500
5187 239
1343 5297
2659 2756
3492 6839
1068 5265
8020 2715
5281 5998
6467 9809
404 8206
3501 4527
1463 5533
1001 6370
9952 7498
841 7043
2416 4185
4024 2869
8276 2809
6678 7308
3203 7705
3940 7622
3106 6247
551 667
6951 9458
3150 4522
4032 9315
1999 7692
7964 7369
3400 6525
6463 3567
8264 613
1559 9169
9157 3614
3523 3060
8950 3366
2330 8670
861 2725
5690 7445
4680 552
2492 4433
6873 8512
4219 6785
8181 2409
7165 5652
685 1012
4548 3539
8518 9192
1654 5023
4721 6762
5910 621
8581 7590
6169 7494
3109 1104
3870 6212
4618 3790
6383 8788
669 3449
6411 1402
3131 7803
6958 5206
6645 1470
8918 5017
433 8612
2959 1289
6499 7425
1929 6293
8141 6500
2656 1335
2986 3484
4023 6782
7916 727
9348 2937
4919 8770
9860 8004
5679 9588
5021 6275
6696 9879
1282 7354
9664 2538
4339 2553
9895 6513
5091 7548
9665 2812
4596 6129
7903 3708
8021 5262
6021 3472
6789 7996
483 6539
3424 9166
9185 1018
3543 8897
9477 6781
7610 6395
5793 7508
4881 8258
77 2588
1013 7407
6776 8058
2344 7022
2933 3883
3627 4465
6822 9813
2948 9266
7238 6157
6948 5116
3208 8930
6459 7723
8161 9239
7785 2140
3912 374
1349 7190
4354 2640
